1.0
0.879524309897
0.890862511956
0.891068475962
0.889729972813
0.882980826852
0.875522753811
0.873519859347
0.873717781203
0.874488621358
0.87701546917
0.873329110294
0.870767550735
0.871928405425
0.870297158161
0.870859413324
0.870161168005
0.870280999197
0.869934307164
0.869642812706
0.869948529486
0.871338991523
0.871856046229
0.872375959731
0.871998255832
0.872836361332
0.872497561591
0.872643565814
0.872470435984
0.873154568236
0.872745518709
0.873364133995
0.874413424985
0.873306540921
0.873238651018
0.873821693034
0.874780288248
0.874592255293
0.874829692037
0.875200283713
0.875297711895
0.875795670519
0.874864842401
0.875297238029
0.875806152975
0.875805823495
0.876043069925
0.876202204524
0.876039219278
